name: simpleor
channels:
  - conda-forge
  - defaults
  - intel
  - pytorch
dependencies:
  - backcall=0.2.0=pyh9f0ad1d_0
  - backports=1.0=pyhd8ed1ab_3
  - backports.functools_lru_cache=1.6.4=pyhd8ed1ab_0
  - cloudpickle=2.2.1=pyhd8ed1ab_0
  - colorama=0.4.6=pyhd8ed1ab_0
  - debugpy=1.6.3=py37hf2a7229_0
  - decorator=5.1.1=pyhd8ed1ab_0
  - entrypoints=0.4=pyhd8ed1ab_0
  - glpk=5.0=h8ffe710_0
  - intel-openmp=2023.1.0=h57928b3_46319
  - ipopt=3.14.12=ha9547d1_0
  - ipykernel=6.16.2=pyh025b116_0
  - ipython=7.33.0=py37h03978a9_0
  - jedi=0.18.2=pyhd8ed1ab_0
  - jupyter_client=7.4.9=pyhd8ed1ab_0
  - jupyter_core=4.11.1=py37h03978a9_0
  - libblas=3.9.0=8_mkl
  - libcblas=3.9.0=8_mkl
  - libflang=5.0.0=h6538335_20180525
  - liblapack=3.9.0=8_mkl
  - libsodium=1.0.18=h8d14728_1
  - llvm-meta=5.0.0=0
  - matplotlib-inline=0.1.6=pyhd8ed1ab_0
  - metis=5.1.0=h0e60522_1006
  - mkl=2020.4=hb70f87d_311
  - mumps-seq=5.2.1=hb3f9cae_11
  - nest-asyncio=1.5.6=pyhd8ed1ab_0
  - numpy=1.16.2=py37h8078771_1
  - openmp=5.0.0=vc14_1
  - packaging=23.1=pyhd8ed1ab_0
  - parso=0.8.3=pyhd8ed1ab_0
  - pickleshare=0.7.5=py_1003
  - pip=23.1.2=pyhd8ed1ab_0
  - prompt-toolkit=3.0.38=pyha770c72_0
  - psutil=5.9.3=py37h51bd9d9_0
  - pygments=2.15.1=pyhd8ed1ab_0
  - python=3.7.1=h9460c21_1003
  - python-dateutil=2.8.2=pyhd8ed1ab_0
  - python_abi=3.7=2_cp37m
  - pywin32=303=py37hcc03f2d_0
  - pyzmq=24.0.1=py37h7347f05_0
  - setuptools=67.7.2=pyhd8ed1ab_0
  - spyder-kernels=2.4.3=win_pyhd8ed1ab_0
  - tornado=6.2=py37hcc03f2d_0
  - traitlets=5.9.0=pyhd8ed1ab_0
  - ucrt=10.0.22621.0=h57928b3_0
  - vc=14.3=h3d8a991_11
  - vs2015_runtime=14.34.31931=h4c5c07a_11
  - wcwidth=0.2.6=pyhd8ed1ab_0
  - wheel=0.40.0=pyhd8ed1ab_0
  - zeromq=4.3.4=h0e60522_1
  - pip:
      - appdirs==1.4.4
      - cycler==0.11.0
      - kiwisolver==1.4.4
      - matplotlib==3.0.3
      - nose==1.3.7
      - ortools==7.0.6546
      - pandas==0.24.2
      - pebble==4.3.10
      - ply==3.11
      - protobuf==4.22.3
      - pyomo==5.6.6
      - pyparsing==3.0.9
      - pytz==2023.3
      - pyutilib==5.7.1
      - scipy==1.2.1
      - seaborn==0.9.0
      - six==1.12.0
      - typing-extensions==4.5.0
